driver,156.533,11.400,0.000,73.400,7.200,0.000,15
copilot,57.400,7.800,0.133,14.467,2.800,0.067,15
Other,40.467,28.867,0.200,17.000,12.733,0.067,15
phil_collison,36.333,9.067,15.400,17.000,5.533,7.667,15
sam_mckenna,28.133,8.000,10.400,12.333,4.000,4.533,15
Unknown,15.200,11.133,0.000,8.667,6.800,0.000,15
moffett_field,12.867,5.933,2.200,6.400,3.467,0.933,15
Set,10.467,5.267,0.000,4.533,2.667,0.000,15
gym,10.133,2.733,8.933,4.867,2.067,4.267,15
barracks,10.067,4.267,6.267,5.000,2.733,3.067,15
nanotech,9.733,4.667,5.333,4.800,2.467,3.400,15
hotel,8.800,3.067,7.533,4.800,2.133,4.200,15
mcdonalds,8.267,4.133,4.867,4.333,2.467,2.867,15
car,7.000,3.600,2.400,3.400,1.933,0.933,15
crown_startup_funds,6.933,4.333,4.733,3.067,2.400,2.267,15
museum,6.857,3.286,4.714,1.857,1.429,1.143,14
post_office,6.133,2.933,5.000,2.533,1.467,2.133,15
gas_station,5.667,3.867,3.533,1.200,1.200,0.600,15
hotel_parking_lot,4.267,2.000,2.533,0.333,0.267,0.000,15
417_macoon,4.308,2.923,0.000,2.077,1.308,0.000,13
hangar1,5.600,3.900,0.000,2.100,1.900,0.000,10
commissary,4.000,2.615,2.769,1.538,1.077,0.923,13
expressway,3.538,2.231,1.769,0.231,0.231,0.077,13
intersection3,2.933,2.200,0.000,0.333,0.333,0.000,15
intersection41,3.667,2.250,0.000,0.333,0.333,0.000,12
bowling_alley,3.154,2.154,2.154,0.615,0.615,0.308,13
drivethrough_of_mcdonalds,2.429,2.071,1.500,0.786,0.786,0.571,14
street1,2.833,1.833,0.000,0.250,0.250,0.000,12
intersection21,2.500,2.000,0.000,0.583,0.583,0.000,12
swimming_pool,2.154,1.538,1.462,0.615,0.538,0.462,13
post_office_parking_lot,2.154,1.462,1.385,0.231,0.231,0.077,13
parking_lot_22,1.929,1.214,1.143,0.071,0.071,0.000,14
conference_center,2.077,1.308,1.385,0.154,0.154,0.154,13
street0,2.167,1.583,0.000,0.250,0.167,0.000,12
stop_sign_0,1.923,1.538,1.923,0.231,0.231,0.231,13
fire_hydrant_by_army_barracks,1.846,1.231,1.846,0.154,0.154,0.154,13
intersection40,2.000,1.727,0.000,0.636,0.545,0.000,11
intersection38,2.333,1.667,0.000,0.222,0.222,0.000,9
moffett_airfield,3.500,2.167,0.167,1.667,0.667,0.000,6
ordering_window,1.583,1.333,0.833,0.250,0.250,0.167,12
intersection19,2.250,2.000,0.000,0.000,0.000,0.000,8
intersection15,1.545,1.273,0.000,0.273,0.273,0.000,11
intersection72,1.700,1.400,0.000,0.400,0.400,0.000,10
stop_sign_15,2.125,1.250,2.125,0.250,0.250,0.250,8
intersection47,2.429,1.714,0.000,0.286,0.286,0.000,7
nasa_residential_zone,2.286,1.429,0.000,0.571,0.429,0.000,7
stop_sign_65,2.286,1.429,2.143,0.429,0.429,0.286,7
perimeter_road,2.286,1.857,0.714,0.857,0.714,0.286,7
barracks_driveway,1.500,1.100,0.500,0.400,0.400,0.200,10
intersection13,1.667,1.111,0.000,0.556,0.556,0.000,9
stop_sign_3,1.667,1.444,1.444,0.222,0.222,0.222,9
stop_sign_7,1.400,1.100,1.400,0.200,0.200,0.200,10
nanotech_parking,1.400,1.000,0.500,0.100,0.100,0.000,10
intersection28,1.556,1.333,0.000,0.000,0.000,0.000,9
stop_sign_13,1.750,1.375,1.750,0.250,0.250,0.250,8
road33,1.750,1.375,0.000,0.625,0.500,0.000,8
museum_parking_lot,2.333,1.833,0.833,0.333,0.333,0.000,6
intersection44,1.444,1.111,0.000,0.111,0.111,0.000,9
driveway7,1.444,1.111,0.000,0.556,0.556,0.000,9
barracks_parking,1.857,1.286,0.571,0.571,0.429,0.286,7
intersection12,2.600,2.400,0.000,0.600,0.600,0.000,5
stop_sign_2,1.333,1.222,1.333,0.222,0.222,0.222,9
intersection42,1.500,1.500,0.000,0.375,0.375,0.000,8
intersection36,1.500,1.250,0.000,0.375,0.250,0.000,8
parking_lot_1,2.400,1.800,1.600,0.400,0.400,0.000,5
stop_sign_18,1.222,1.111,1.111,0.222,0.222,0.111,9
stop_sign_14,1.222,1.111,1.222,0.000,0.000,0.000,9
crown_startup_funds_parking,1.571,1.429,1.000,0.286,0.286,0.143,7
stop_sign_34,1.571,1.143,1.571,0.000,0.000,0.000,7
parking_lot_aisle33,2.200,2.000,0.000,1.000,1.000,0.000,5
intersection45,1.250,1.000,0.000,0.125,0.125,0.000,8
stop_sign_1,1.667,1.667,1.667,0.000,0.000,0.000,6
stop_sign_5,1.667,1.333,1.667,0.167,0.167,0.167,6
stop_sign_8,1.000,1.000,1.000,0.111,0.111,0.111,9
nanotech_antenna,1.125,1.000,0.875,0.000,0.000,0.000,8
stop_sign_62,1.286,1.000,1.286,0.143,0.143,0.143,7
stop_sign_16,1.286,1.286,1.286,0.143,0.143,0.143,7
tennis_courts,1.500,1.333,1.167,0.167,0.167,0.167,6
parking_lot_9,2.250,2.000,0.500,0.250,0.250,0.000,4
intersection10,3.000,2.333,0.000,1.333,1.333,0.000,3
museum_back_parking_lot,3.000,1.667,2.333,1.000,0.667,0.667,3
street2,1.143,1.000,0.000,0.000,0.000,0.000,7
street4,1.143,1.000,0.000,0.286,0.286,0.000,7
intersection20,1.333,1.333,0.000,0.500,0.500,0.000,6
intersection39,1.333,1.167,0.000,0.167,0.167,0.000,6
driveway3,1.333,1.167,0.000,0.500,0.500,0.000,6
intersection69,1.600,1.200,0.000,0.200,0.200,0.000,5
nasa_ames,2.667,2.333,1.667,1.000,1.000,0.333,3
crown_startup_funds_wrong1,2.667,2.667,0.667,0.333,0.333,0.000,3
bush1,2.667,1.667,0.000,1.000,1.000,0.000,3
intersection22,1.167,1.167,0.000,0.000,0.000,0.000,6
stop_sign_33,1.167,1.000,1.167,0.167,0.167,0.167,6
parking_lot_aisle0,1.400,1.400,0.000,0.600,0.600,0.000,5
intersection29,1.400,1.200,0.000,0.200,0.200,0.000,5
intersection8,1.400,1.200,0.000,0.200,0.200,0.000,5
intersection43,1.400,1.000,0.000,0.200,0.200,0.000,5
parking_lot_aisle2,1.750,1.250,0.000,0.750,0.750,0.000,4
intersection0,1.750,1.000,0.000,0.500,0.500,0.000,4
driveway6,1.750,1.750,0.000,0.000,0.000,0.000,4
stop_sign_11,2.333,1.667,2.333,0.333,0.333,0.333,3
parking_lot_aisle39,1.000,1.000,0.000,0.000,0.000,0.000,6
road43,1.500,1.000,0.000,0.750,0.500,0.000,4
road9,1.500,1.250,0.000,0.500,0.500,0.000,4
intersection60,1.500,1.000,0.000,0.250,0.250,0.000,4
commissary_parking_lot,2.000,1.333,0.667,0.333,0.333,0.000,3
orion_nose,3.000,3.000,1.000,1.500,1.500,0.500,2
control_tower,6.000,4.000,2.000,5.000,4.000,1.000,1
stop_sign_17,1.250,1.250,1.250,0.000,0.000,0.000,4
driveway15,1.250,1.000,0.000,0.250,0.250,0.000,4
intersection46,1.250,1.000,0.000,0.000,0.000,0.000,4
intersection1,1.250,1.000,0.000,0.250,0.250,0.000,4
intersection5,1.250,1.000,0.000,0.000,0.000,0.000,4
parking_spot0,1.667,1.667,0.333,0.667,0.667,0.000,3
stop_sign_57,1.667,1.333,1.667,1.000,1.000,1.000,3
parking_lot_6,1.667,1.333,0.333,0.000,0.000,0.000,3
parking_lot_aisle66,1.667,1.333,0.000,0.667,0.667,0.000,3
intersection83,1.667,1.667,0.000,0.667,0.667,0.000,3
yellow_fence,1.667,1.667,1.333,0.000,0.000,0.000,3
road1,1.667,1.000,0.000,1.000,0.667,0.000,3
parking_lot_23,2.500,2.000,0.500,0.500,0.500,0.000,2
intersection37,2.500,1.500,0.000,0.500,0.500,0.000,2
parking_lot_19,5.000,3.000,0.000,0.000,0.000,0.000,1
parking_lot_21,1.000,1.000,0.500,0.000,0.000,0.000,4
parking_lot_20,1.000,1.000,0.500,0.000,0.000,0.000,4
stop_sign_63,1.000,1.000,1.000,0.000,0.000,0.000,4
intersection105,1.000,1.000,0.000,0.250,0.250,0.000,4
parking_lot_aisle44,1.000,1.000,0.000,0.250,0.250,0.000,4
intersection14,1.000,1.000,0.000,0.000,0.000,0.000,4
parking_lot_aisle36,1.000,1.000,0.000,0.500,0.500,0.000,4
white_pickup_perpetually_parked_at_mcdonalds,1.000,1.000,0.500,0.000,0.000,0.000,4
intersection64,1.000,1.000,0.000,0.000,0.000,0.000,4
intersection63,1.000,1.000,0.000,0.000,0.000,0.000,4
gas_lane1,1.333,1.000,0.000,0.333,0.333,0.000,3
street6,1.333,1.000,0.000,0.000,0.000,0.000,3
road136,1.333,1.000,0.000,0.333,0.333,0.000,3
the_M,1.333,1.333,0.667,0.667,0.667,0.333,3
intersection78,1.333,1.000,0.000,0.000,0.000,0.000,3
intersection73,1.333,1.000,0.000,0.333,0.333,0.000,3
parking_lot_aisle38,1.333,1.000,0.000,0.000,0.000,0.000,3
crown_startup_funds_wrong0,2.000,2.000,0.500,0.000,0.000,0.000,2
building1,4.000,3.000,0.000,2.000,2.000,0.000,1
parking_lot_24,1.000,1.000,0.000,0.667,0.667,0.000,3
road42,1.000,1.000,0.000,0.000,0.000,0.000,3
stop_sign_69,1.000,1.000,1.000,0.000,0.000,0.000,3
missile,1.000,1.000,0.333,0.333,0.333,0.000,3
intersection17,1.000,1.000,0.000,0.000,0.000,0.000,3
intersection98,1.000,1.000,0.000,0.000,0.000,0.000,3
street3,1.000,1.000,0.000,0.000,0.000,0.000,3
intersection89,1.000,1.000,0.000,0.333,0.333,0.000,3
intersection80,1.000,1.000,0.000,0.000,0.000,0.000,3
intersection31,1.000,1.000,0.000,0.333,0.333,0.000,3
parking_lot_aisle56,1.000,1.000,0.000,0.000,0.000,0.000,3
parking_lot_aisle50,1.000,1.000,0.000,0.000,0.000,0.000,3
driveway0,1.000,1.000,0.000,0.333,0.333,0.000,3
intersection61,1.000,1.000,0.000,0.000,0.000,0.000,3
intersection25,1.500,1.000,0.000,0.500,0.500,0.000,2
parking_lot_aisle45,1.500,1.500,0.000,1.000,1.000,0.000,2
intersection11,1.500,1.000,0.000,0.500,0.500,0.000,2
stop_sign_54,1.500,1.000,1.500,0.500,0.500,0.500,2
road138,1.500,1.500,0.000,0.500,0.500,0.000,2
gas_station_driveway,1.500,1.500,0.500,0.500,0.500,0.000,2
building7,3.000,2.000,0.000,2.000,1.000,0.000,1
building8,3.000,3.000,0.000,1.000,1.000,0.000,1
road177,3.000,2.000,0.000,0.000,0.000,0.000,1
road55,3.000,3.000,0.000,0.000,0.000,0.000,1
parking_spot101,3.000,1.000,0.000,1.000,1.000,0.000,1
barracks_wrong0_parking,3.000,2.000,1.000,1.000,1.000,0.000,1
conference_center_parking_lot1,3.000,2.000,2.000,0.000,0.000,0.000,1
gas_lane2,1.000,1.000,0.000,1.000,1.000,0.000,2
intersection23,1.000,1.000,0.000,0.000,0.000,0.000,2
intersection24,1.000,1.000,0.000,0.000,0.000,0.000,2
intersection100,1.000,1.000,0.000,0.000,0.000,0.000,2
crown_startup_funds_parking1,1.000,1.000,0.000,0.000,0.000,0.000,2
stop_sign_10,1.000,1.000,1.000,0.000,0.000,0.000,2
parking_lot_aisle42,1.000,1.000,0.000,0.000,0.000,0.000,2
building5,1.000,1.000,0.000,0.000,0.000,0.000,2
intersection18,1.000,1.000,0.000,0.000,0.000,0.000,2
driveway10,1.000,1.000,0.000,0.500,0.500,0.000,2
parking_spot1,1.000,1.000,0.000,1.000,1.000,0.000,2
stop_sign_9,1.000,1.000,1.000,0.000,0.000,0.000,2
intersection119,1.000,1.000,0.000,0.000,0.000,0.000,2
driveway26,1.000,1.000,0.000,0.000,0.000,0.000,2
parking_lot_aisle35,1.000,1.000,0.000,0.500,0.500,0.000,2
intersection97,1.000,1.000,0.000,0.000,0.000,0.000,2
road10,1.000,1.000,0.000,0.500,0.500,0.000,2
road15,1.000,1.000,0.000,0.500,0.500,0.000,2
stop_sign_47,1.000,1.000,0.500,0.000,0.000,0.000,2
solar_panel,1.000,1.000,0.500,0.000,0.000,0.000,2
road128,1.000,1.000,0.000,0.000,0.000,0.000,2
bush0,1.000,1.000,0.000,0.500,0.500,0.000,2
bowling_alley_parking_lot,1.000,1.000,1.000,0.000,0.000,0.000,2
intersection35,1.000,1.000,0.000,0.000,0.000,0.000,2
intersection33,1.000,1.000,0.000,0.000,0.000,0.000,2
research_park_roundabout,1.000,1.000,0.000,1.000,1.000,0.000,2
parking_lot_aisle52,1.000,1.000,0.000,0.000,0.000,0.000,2
driveway5,1.000,1.000,0.000,0.000,0.000,0.000,2
driveway2,1.000,1.000,0.000,0.000,0.000,0.000,2
singularity_university,1.000,1.000,0.500,0.500,0.500,0.500,2
intersection67,1.000,1.000,0.000,0.000,0.000,0.000,2
road148,1.000,1.000,0.000,0.000,0.000,0.000,2
stop_sign_26,1.000,1.000,1.000,0.000,0.000,0.000,2
parking_lot_aisle12,2.000,2.000,0.000,0.000,0.000,0.000,1
parking_lot_aisle16,2.000,2.000,0.000,1.000,1.000,0.000,1
parking_lot_aisle4,2.000,2.000,0.000,1.000,1.000,0.000,1
intersection199,2.000,1.000,0.000,1.000,1.000,0.000,1
intersection108,2.000,2.000,0.000,0.000,0.000,0.000,1
road156,2.000,2.000,0.000,1.000,1.000,0.000,1
building2,2.000,1.000,0.000,1.000,1.000,0.000,1
parking_spot139,2.000,1.000,0.000,0.000,0.000,0.000,1
parking_spot44,2.000,2.000,0.000,1.000,1.000,0.000,1
parking_spot40,2.000,2.000,0.000,2.000,2.000,0.000,1
driveway17,2.000,2.000,0.000,0.000,0.000,0.000,1
parking_spot52,2.000,2.000,0.000,1.000,1.000,0.000,1
parking_lot_7,2.000,2.000,2.000,1.000,1.000,1.000,1
parking_lot_aisle65,2.000,2.000,0.000,2.000,2.000,0.000,1
baseball_field,2.000,2.000,0.000,1.000,1.000,0.000,1
parking_lot_aisle64,2.000,1.000,0.000,1.000,1.000,0.000,1
intersection76,2.000,1.000,0.000,1.000,1.000,0.000,1
parking_spot110,2.000,1.000,0.000,2.000,1.000,0.000,1
road153,2.000,2.000,0.000,0.000,0.000,0.000,1
stop_sign_39,2.000,1.000,2.000,1.000,1.000,1.000,1
stop_sign_31,2.000,2.000,2.000,1.000,1.000,1.000,1
intersection84,2.000,2.000,0.000,1.000,1.000,0.000,1
intersection137,2.000,1.000,0.000,1.000,1.000,0.000,1
road70,2.000,2.000,0.000,1.000,1.000,0.000,1
barracks_wrong0,2.000,2.000,1.000,0.000,0.000,0.000,1
conference_center_parking_lot,1.000,1.000,0.000,0.000,0.000,0.000,1
parking_lot_aisle1,1.000,1.000,0.000,0.000,0.000,0.000,1
parking_lot_aisle3,1.000,1.000,0.000,0.000,0.000,0.000,1
parking_spot58,1.000,1.000,0.000,1.000,1.000,0.000,1
parking_spot54,1.000,1.000,0.000,1.000,1.000,0.000,1
parking_spot55,1.000,1.000,0.000,1.000,1.000,0.000,1
gas_lane0,1.000,1.000,0.000,1.000,1.000,0.000,1
driveway24,1.000,1.000,0.000,0.000,0.000,0.000,1
intersection26,1.000,1.000,0.000,1.000,1.000,0.000,1
driveway11,1.000,1.000,0.000,0.000,0.000,0.000,1
road40,1.000,1.000,0.000,0.000,0.000,0.000,1
road41,1.000,1.000,0.000,0.000,0.000,0.000,1
road44,1.000,1.000,0.000,0.000,0.000,0.000,1
road45,1.000,1.000,0.000,1.000,1.000,0.000,1
intersection200,1.000,1.000,0.000,1.000,1.000,0.000,1
street_double_arrow_2,1.000,1.000,1.000,1.000,1.000,1.000,1
street5,1.000,1.000,0.000,0.000,0.000,0.000,1
street7,1.000,1.000,0.000,0.000,0.000,0.000,1
intersection191,1.000,1.000,0.000,1.000,1.000,0.000,1
stop_sign_68,1.000,1.000,1.000,0.000,0.000,0.000,1
intersection58,1.000,1.000,0.000,0.000,0.000,0.000,1
stop_sign_61,1.000,1.000,1.000,0.000,0.000,0.000,1
intersection52,1.000,1.000,0.000,0.000,0.000,0.000,1
stop_sign_64,1.000,1.000,1.000,1.000,1.000,1.000,1
stop_sign_67,1.000,1.000,1.000,0.000,0.000,0.000,1
intersection51,1.000,1.000,0.000,0.000,0.000,0.000,1
intersection101,1.000,1.000,0.000,0.000,0.000,0.000,1
stop_sign_12,1.000,1.000,1.000,0.000,0.000,0.000,1
parking_lot_aisle43,1.000,1.000,0.000,0.000,0.000,0.000,1
parking_lot_aisle46,1.000,1.000,0.000,0.000,0.000,0.000,1
parking_lot_aisle48,1.000,1.000,0.000,0.000,0.000,0.000,1
building0,1.000,1.000,0.000,0.000,0.000,0.000,1
building3,1.000,1.000,0.000,1.000,1.000,0.000,1
street_stop_9,1.000,1.000,1.000,0.000,0.000,0.000,1
parking_spot130,1.000,1.000,0.000,0.000,0.000,0.000,1
parking_spot136,1.000,1.000,0.000,0.000,0.000,0.000,1
road176,1.000,1.000,0.000,0.000,0.000,0.000,1
stop_sign_50,1.000,1.000,1.000,0.000,0.000,0.000,1
stop_sign_56,1.000,1.000,1.000,0.000,0.000,0.000,1
golf_course,1.000,1.000,1.000,1.000,1.000,1.000,1
street_arrow_1,1.000,1.000,0.000,1.000,1.000,0.000,1
parking_spot142,1.000,1.000,0.000,1.000,1.000,0.000,1
street_sign_0,1.000,1.000,0.000,1.000,1.000,0.000,1
parking_spot43,1.000,1.000,1.000,0.000,0.000,0.000,1
stop_sign_46,1.000,1.000,1.000,0.000,0.000,0.000,1
driveway13,1.000,1.000,0.000,0.000,0.000,0.000,1
driveway14,1.000,1.000,0.000,0.000,0.000,0.000,1
driveway16,1.000,1.000,0.000,0.000,0.000,0.000,1
road57,1.000,1.000,0.000,0.000,0.000,0.000,1
road54,1.000,1.000,0.000,0.000,0.000,0.000,1
road59,1.000,1.000,0.000,1.000,1.000,0.000,1
road58,1.000,1.000,0.000,1.000,1.000,0.000,1
parking_spot102,1.000,1.000,0.000,0.000,0.000,0.000,1
parking_spot106,1.000,1.000,1.000,0.000,0.000,0.000,1
parking_spot94,1.000,1.000,0.000,1.000,1.000,0.000,1
parking_lot_0,1.000,1.000,1.000,0.000,0.000,0.000,1
road133,1.000,1.000,0.000,1.000,1.000,0.000,1
road132,1.000,1.000,0.000,0.000,0.000,0.000,1
parking_lot_aisle37,1.000,1.000,0.000,1.000,1.000,0.000,1
parking_spot117,1.000,1.000,0.000,1.000,1.000,0.000,1
intersection92,1.000,1.000,0.000,1.000,1.000,0.000,1
417_macoon_wrong_0,1.000,1.000,0.000,0.000,0.000,0.000,1
intersection91,1.000,1.000,0.000,0.000,0.000,0.000,1
intersection94,1.000,1.000,0.000,0.000,0.000,0.000,1
intersection95,1.000,1.000,0.000,0.000,0.000,0.000,1
road18,1.000,1.000,0.000,0.000,0.000,0.000,1
road13,1.000,1.000,0.000,0.000,0.000,0.000,1
road14,1.000,1.000,0.000,1.000,1.000,0.000,1
intersection160,1.000,1.000,0.000,0.000,0.000,0.000,1
intersection165,1.000,1.000,0.000,0.000,0.000,0.000,1
intersection164,1.000,1.000,0.000,0.000,0.000,0.000,1
road69,1.000,1.000,0.000,0.000,0.000,0.000,1
stop_sign_43,1.000,1.000,1.000,0.000,0.000,0.000,1
parking_spot154,1.000,1.000,0.000,0.000,0.000,0.000,1
gate_to_ames_behind_building_19,1.000,1.000,1.000,1.000,1.000,1.000,1
road163,1.000,1.000,0.000,0.000,0.000,0.000,1
parking_spot78,1.000,1.000,0.000,0.000,0.000,0.000,1
parking_spot72,1.000,1.000,0.000,1.000,1.000,0.000,1
yield_sign_0,1.000,1.000,1.000,1.000,1.000,1.000,1
road29,1.000,1.000,0.000,0.000,0.000,0.000,1
one_way0,1.000,1.000,1.000,0.000,0.000,0.000,1
intersection79,1.000,1.000,0.000,0.000,0.000,0.000,1
intersection71,1.000,1.000,0.000,0.000,0.000,0.000,1
intersection121,1.000,1.000,0.000,0.000,0.000,0.000,1
intersection55,1.000,1.000,0.000,1.000,1.000,0.000,1
intersection53,1.000,1.000,0.000,0.000,0.000,0.000,1
parking_spot81,1.000,1.000,0.000,0.000,0.000,0.000,1
road127,1.000,1.000,0.000,0.000,0.000,0.000,1
parking_lot_aisle27,1.000,1.000,0.000,1.000,1.000,0.000,1
intersection88,1.000,1.000,0.000,0.000,0.000,0.000,1
intersection87,1.000,1.000,0.000,0.000,0.000,0.000,1
intersection30,1.000,1.000,0.000,0.000,0.000,0.000,1
street_stop_18,1.000,1.000,1.000,0.000,0.000,0.000,1
road73,1.000,1.000,0.000,0.000,0.000,0.000,1
intersection183,1.000,1.000,0.000,0.000,0.000,0.000,1
intersection185,1.000,1.000,0.000,0.000,0.000,0.000,1
stop_sign_70,1.000,1.000,1.000,0.000,0.000,0.000,1
stop_sign_71,1.000,1.000,1.000,0.000,0.000,0.000,1
intersection176,1.000,1.000,0.000,1.000,1.000,0.000,1
parking_lot_aisle57,1.000,1.000,0.000,0.000,0.000,0.000,1
intersection2,1.000,1.000,0.000,0.000,0.000,0.000,1
parking_spot67,1.000,1.000,0.000,1.000,1.000,0.000,1
road2,1.000,1.000,0.000,0.000,0.000,0.000,1
road6,1.000,1.000,0.000,0.000,0.000,0.000,1
road31,1.000,1.000,0.000,1.000,1.000,0.000,1
road32,1.000,1.000,0.000,1.000,1.000,0.000,1
road35,1.000,1.000,0.000,0.000,0.000,0.000,1
intersection62,1.000,1.000,0.000,0.000,0.000,0.000,1
road80,1.000,1.000,0.000,0.000,0.000,0.000,1
road81,1.000,1.000,0.000,0.000,0.000,0.000,1
intersection134,1.000,1.000,0.000,1.000,1.000,0.000,1
intersection138,1.000,1.000,0.000,0.000,0.000,0.000,1
road149,1.000,1.000,0.000,1.000,1.000,0.000,1
parking_spot128,1.000,1.000,0.000,1.000,1.000,0.000,1
road143,1.000,1.000,0.000,0.000,0.000,0.000,1
stop_sign_20,1.000,1.000,1.000,0.000,0.000,0.000,1
stop_sign_22,1.000,1.000,1.000,0.000,0.000,0.000,1
